!MOLECULE
 SO2 spectroscopic data from CDMS July 2005 , E<250 cm-1                
!MOLECULAR WEIGHT
   64.0   
! NUMBER OF ENERGY LEVELS
   198
!LEVEL + ENERGIES(cm^-1) + WEIGHT + J_K-_K+
    1     0.000000000   1.0  0_0_0
    2     1.912000000   5.0  2_0_2
    3     2.320835635   3.0  1_1_1
    4     3.697530745   5.0  2_1_1
    5     5.382000000   7.0  3_1_3
    6     6.360054291   9.0  4_0_4
    7     8.335629064   9.0  4_1_3
    8     8.746931392   5.0  2_2_0
    9    10.658993299   7.0  3_2_2
   10    10.886400000  11.0  5_1_5
   11    13.225830861   9.0  4_2_2
   12    13.313400000  13.0  6_0_6
   13    15.614000000  13.0  6_1_5
   14    16.395015288  11.0  5_2_4
   15    18.824700000  15.0  7_1_7
   16    19.196800935   7.0  3_3_1
   17    20.294145239  13.0  6_2_4
   18    21.750140055   9.0  4_3_1
   19    22.726700000  17.0  8_0_8
   20    24.671300000  15.0  7_2_6
   21    24.942484450  11.0  5_3_3
   22    25.518313286  17.0  8_1_7
   23    28.776062702  13.0  6_3_3
   24    29.184800000  19.0  9_1_9
   25    29.988138358  17.0  8_2_6
   26    33.247199047  15.0  7_3_5
   27    33.693019194   9.0  4_4_0
   28    34.549500000  21.0  10_0_10
   29    35.477700000  19.0  9_2_8
   30    36.884531113  11.0  5_4_2
   31    38.026535475  21.0  10_1_9
   32    38.367668890  17.0  8_3_5
   33    40.715152019  13.0  6_4_2
   34    41.953400000  23.0  11_1_11
   35    42.346633408  21.0  10_2_8
   36    44.115097970  19.0  9_3_7
   37    45.185226410  15.0  7_4_4
   38    48.737900000  25.0  12_0_12
   39    48.801500000  23.0  11_2_10
   40    50.295328857  17.0  8_4_4
   41    50.537758155  21.0  10_3_7
   42    52.228030415  11.0  5_5_1
   43    53.108000000  25.0  12_1_11
   44    56.045731584  19.0  9_4_6
   45    56.058065327  13.0  6_5_1
   46    57.117000000  27.0  13_1_13
   47    57.397800000  25.0  12_2_10
   48    57.549438838  23.0  11_3_9
   49    60.527006733  15.0  7_5_3
   50    62.437884484  21.0  10_4_6
   51    64.627300000  27.0  13_2_12
   52    65.264400000  29.0  14_0_14
   53    65.305616107  25.0  12_3_9
   54    65.635184409  17.0  8_5_3
   55    69.470639402  23.0  11_4_8
   56    70.721700000  29.0  14_1_13
   57    71.383032799  19.0  9_5_5
   58    73.551400000  27.0  13_3_11
   59    74.663000000  31.0  15_1_15
   60    74.793150134  13.0  6_6_0
   61    75.149595507  29.0  14_2_12
   62    77.148670953  25.0  12_4_8
   63    77.770802910  21.0  10_5_5
   64    79.261848153  15.0  7_6_2
   65    82.698200000  29.0  14_3_11
   66    82.937352534  31.0  15_2_14
   67    84.118400000  33.0  16_0_16
   68    84.369485140  17.0  8_6_2
   69    84.798913465  23.0  11_5_7
   70    85.465178814  27.0  13_4_10
   71    90.116294932  19.0  9_6_4
   72    90.816700000  33.0  16_1_15
   73    92.118300000  31.0  15_3_13
   74    92.467812673  25.0  12_5_7
   75    94.435372223  29.0  14_4_10
   76    94.581000000  35.0  17_1_17
   77    95.588548646  33.0  16_2_14
   78    96.502421774  21.0  10_6_4
   79   100.778076239  27.0  13_5_9
   80   101.377653531  15.0  7_7_1
   81   102.749800000  33.0  16_3_13
   82   103.528226408  23.0  11_6_6
   83   103.712400500  35.0  17_2_16
   84   104.034629687  31.0  15_4_12
   85   105.299400000  37.0  18_0_18
   86   106.485372574  17.0  8_7_1
   87   109.730358640  29.0  14_5_9
   88   111.193919857  25.0  12_6_6
   89   112.231935744  19.0  9_7_3
   90   113.243800000  35.0  17_3_15
   91   113.336400000  37.0  18_1_17
   92   114.308610310   33.0   16_4_12
   93   116.862500000   39.0   19_1_19
   94   118.617638214   21.0   10_7_3
   95   118.684880512   37.0   18_2_16
   96   119.324773556   31.0   15_5_11
   97   119.499915182   27.0   13_6_8
   98   125.184100000   35.0   17_4_14
   99   125.497758391   37.0   18_3_15
   100   125.642565843   23.0   11_7_5
   101   126.932668485   39.0   19_2_18
   102   128.446532812   29.0   14_6_8
   103   128.811300000   41.0   20_0_20
   104   129.562960325   33.0   16_5_11
   105   131.968984483   17.0   8_8_0
   106   133.306997185   25.0   12_7_5
   107   136.782500000   37.0   18_4_14
   108   136.916829613   39.0   19_3_17
   109   137.715954352   19.0   9_8_2
   110   138.034079342   31.0   15_6_10
   111   138.227500000   41.0   20_1_19
   112   140.443618957   35.0   17_5_13
   113   141.501200000   43.0   21_1_21
   114   141.611097493   27.0   13_7_7
   115   144.101906521   21.0   10_8_2
   116   144.397501617   41.0   20_2_18
   117   148.263062503   33.0   16_6_10
   118   148.917400000   39.0   19_4_16
   119   150.555133665   29.0   14_7_7
   120   150.973400000   41.0   20_3_17
   121   151.126867416   23.0   11_8_4
   122   151.971193942   37.0   18_5_13
   123   152.578525103   43.0   21_2_20
   124   154.658200000   45.0   22_0_22
   125   158.791057933   25.0   12_8_4
   126   159.133764617   35.0   17_6_12
   127   160.139237534   31.0   15_7_9
   128   161.876500000   41.0   20_4_16
   129   163.122422261   43.0   21_3_19
   130   164.139686794   39.0   19_5_15
   131   165.449800000   45.0   22_1_21
   132   166.553002913   19.0   9_9_1
   133   167.094593342   27.0   13_8_6
   134   168.492500000   47.0   23_1_23
   135   170.363888417   33.0   16_7_9
   136   170.646883046   37.0   18_6_12
   137   172.676298713   45.0   22_2_20
   138   172.939591959   21.0   10_9_1
   139   175.236100000   43.0   21_4_18
   140   176.037683508   29.0   14_8_6
   141   176.961846883   41.0   20_5_15
   142   179.191500000   45.0   22_3_19
   143   179.965064075   23.0   11_9_3
   144   180.631768641   47.0   23_2_22
   145   181.229234199   35.0   17_7_11
   146   182.802651421   39.0   19_6_14
   147   182.843400000   49.0   24_0_24
   148   185.620431864   31.0   15_8_8
   149   187.629765378   25.0   12_9_3
   150   189.616800000   45.0   22_4_18
   151   190.418675720   43.0   21_5_17
   152   191.842502316   47.0   23_3_21
   153   192.735558173   37.0   18_7_11
   154   194.981500000   49.0   24_1_23
   155   195.601839800   41.0   20_6_14
   156   195.843037450   33.0   16_8_8
   157   195.933638253   27.0   13_9_5
   158   197.833200000   51.0   25_1_25
   159   203.463430588   49.0   24_2_22
   160   204.138600000   47.0   23_4_20
   161   204.543295424   45.0   22_5_17
   162   204.876721345   29.0   14_9_5
   163   204.883353381   39.0   19_7_13
   164   205.113515518   21.0   10_10_0
   165   206.705791345   35.0   17_8_10
   166   209.044523977   43.0   21_6_16
   167   210.144300000   49.0   24_3_21
   168   211.076024930   51.0   25_2_24
   169   212.140110506   23.0   11_10_2
   170   213.369000000   53.0   26_0_26
   171   214.459349542   31.0   15_9_7
   172   217.672801351   41.0   20_7_13
   173   218.208782404   37.0   18_8_10
   174   219.285700000   47.0   23_5_19
   175   219.805666842   25.0   12_10_2
   176   220.035637462   49.0   24_4_20
   177   223.056061086   51.0   25_3_23
   178   223.132279643   45.0   22_6_16
   179   224.681453961   33.0   16_9_7
   180   226.816700000   53.0   26_1_25
   181   228.110343800   27.0   13_10_4
   182   229.521100000   55.0   27_1_27
   183   230.352385258   39.0   19_8_12
   184   231.104232850   43.0   21_7_15
   185   234.726200000   49.0   24_5_19
   186   235.543261886   35.0   17_9_9
   187   235.619370368   51.0   25_4_22
   188   236.695800000   53.0   26_2_24
   189   237.054298024   29.0   14_10_4
   190   237.863860488   47.0   23_6_18
   191   243.136585041   41.0   20_8_12
   192   243.803000000   53.0   26_3_23
   193   243.897695217   55.0   27_2_26
   194   245.178159327   45.0   22_7_15
   195   246.236253041   57.0   28_0_28
   196   246.637583525   31.0   15_10_6
   197   247.044896796   37.0   18_9_9
   198   247.632988117   23.0   11_11_1
! NUMBER OF RADIATIVE TRANSITIONS
         140
!TRANS + U + L + A(s^-1) + FREQ(GHz) + E_u/k(K)
     1   193   192  1.177E-11           2.83889120   350.91          0.09470  1.0
     2   108   107  1.481E-10           4.02710050   196.99          0.13433  1.0
     3    48    47  2.376E-10           4.54601800    82.80          0.15164  1.0
     4    66    65  7.472E-10           7.16961260   119.33          0.23915  1.0
     5    47    46  5.800E-10           8.42027580    82.58          0.28087  1.0
     6    99    98  1.945E-09           9.40324200   180.56          0.31366  1.0
     7    35    34  2.203E-09          11.78884100    60.93          0.39323  1.0
     8   161   160  4.304E-09          12.13246360   294.29          0.40470  1.0
     9     3     2  9.953E-09          12.25658400     3.34          0.40884  1.0
    10    61    59  2.065E-09          14.58776630   108.12          0.48660  1.0
    11    53    51  1.910E-08          20.33540530    93.96          0.67832  1.0
    12   176   174  2.681E-08          22.48255950   316.58          0.74994  1.0
    13    14    13  3.448E-08          23.41424930    23.59          0.78102  1.0
    14   151   150  3.332E-08          24.03962930   273.97          0.80188  1.0
    15    25    24  2.386E-08          24.08347810    43.15          0.80334  1.0
    16    22    20  4.811E-08          25.39281950    36.72          0.84701  1.0
    17   187   185  4.497E-08          26.77657400   339.00          0.89317  1.0
    18   168   167  1.535E-08          27.93241070   303.69          0.93172  1.0
    19    83    81  4.417E-08          28.85803700   149.22          0.96260  1.0
    20     6     5  1.450E-07          29.32133000     9.15          0.97805  1.0
    21    77    76  1.229E-08          30.20554850   137.53          1.00755  1.0
    22    92    90  7.683E-08          31.92221000   164.46          1.06481  1.0
    23   129   128  1.169E-07          37.35180970   234.70          1.24592  1.0
    24    84    81  1.351E-07          38.51822500   149.68          1.28483  1.0
    25   101    99  1.245E-07          43.01627500   182.63          1.43487  1.0
    26   144   142  7.680E-08          43.17816760   259.89          1.44027  1.0
    27    17    15  1.649E-07          44.05286000    29.20          1.46945  1.0
    28    61    58  2.820E-07          47.91342000   108.12          1.59822  1.0
    29   123   120  1.395E-07          48.12044000   219.53          1.60513  1.0
    30   141   139  3.253E-07          51.73659000   254.61          1.72575  1.0
    31    41    39  3.163E-07          52.05171000    72.71          1.73626  1.0
    32    36    35  3.400E-07          53.01523740    63.47          1.76840  1.0
    33     4     2  2.345E-06          53.52886510     5.32          1.78553  1.0
    34    95    93  4.910E-08          54.63359330   170.76          1.82238  1.0
    35     7     6  3.008E-06          59.22487140    11.99          1.97553  1.0
    36   120   118  5.712E-07          61.63618850   217.22          2.05596  1.0
    37   152   150  6.383E-07          66.72487680   276.02          2.22570  1.0
    38   130   128  7.224E-07          67.84863320   236.16          2.26319  1.0
    39    13    12  4.342E-06          68.97215870    22.47          2.30066  1.0
    40    75    73  7.609E-07          69.46407770   135.87          2.31707  1.0
    41     3     1  3.485E-06          69.57592710     3.34          2.32080  1.0
    42     9     7  6.073E-07          69.65357880    15.34          2.32339  1.0
    43    11    10  6.283E-07          70.13437280    19.03          2.33943  1.0
    44    12    10  2.768E-06          72.75824340    19.15          2.42695  1.0
    45    31    29  1.585E-06          76.41216520    54.71          2.54884  1.0
    46    70    65  1.265E-06          82.95193800   122.97          2.76698  1.0
    47    22    19  6.826E-06          83.68809300    36.72          2.79153  1.0
    48    32    29  1.343E-06          86.63908770    55.20          2.88997  1.0
    49   116   113  1.367E-07          86.82893810   207.76          2.89630  1.0
    50   177   176  1.471E-06          90.54814740   320.93          3.02036  1.0
    51   122   118  1.730E-06          91.55043920   218.65          3.05379  1.0
    52   190   185  1.901E-06          94.06469500   342.23          3.13766  1.0
    53    26    25  1.814E-06          97.70233350    47.84          3.25900  1.0
    54     8     5  1.026E-06         100.87810530    12.58          3.36493  1.0
    55     5     2  1.006E-05         104.02941830     7.74          3.47005  1.0
    56    77    73  3.172E-06         104.03358170   137.53          3.47019  1.0
    57    31    28  1.122E-05         104.23929520    54.71          3.47705  1.0
    58    62    58  2.648E-06         107.84347010   111.00          3.59727  1.0
    59   112   107  2.905E-06         109.75758510   202.07          3.66112  1.0
    60   178   174  3.433E-06         115.31755660   321.04          3.84658  1.0
    61    19    15  1.345E-05         116.98044960    32.70          3.90205  1.0
    62   142   139  4.238E-06         118.57743000   257.82          3.95532  1.0
    63    23    20  3.163E-06         123.05769000    41.40          4.10476  1.0
    64    55    53  3.912E-06         124.86474000    99.95          4.16504  1.0
    65   137   134  2.969E-07         125.42713000   248.44          4.18380  1.0
    66    47    43  2.615E-05         128.60513000    82.58          4.28981  1.0
    67    43    39  9.029E-06         129.10583000    76.41          4.30651  1.0
    68    35    31  2.502E-05         129.51481000    60.93          4.32015  1.0
    69    43    38  1.855E-05         131.01486000    76.41          4.37019  1.0
    70   104    98  4.807E-06         131.27493000   186.41          4.37886  1.0
    71    61    56  2.933E-05         132.74486000   108.12          4.42789  1.0
    72    25    22  2.501E-05         134.00486000    43.15          4.46992  1.0
    73   166   161  5.375E-06         134.94330000   300.77          4.50122  1.0
    74    10     6  2.209E-05         135.69602000    15.66          4.52633  1.0
    75    21    17  3.855E-06         139.35506000    35.89          4.64838  1.0
    76    17    13  2.528E-05         140.30617000    29.20          4.68011  1.0
    77    77    72  3.573E-05         143.05711000   137.53          4.77187  1.0
    78    50    48  5.897E-06         146.55008000    89.83          4.88838  1.0
    79    11     7  2.470E-05         146.60552000    19.03          4.89023  1.0
    80    96    92  6.952E-06         150.38110000   171.68          5.01617  1.0
    81     8     4  1.875E-05         151.37863000    12.58          5.04945  1.0
    82   155   151  7.992E-06         155.38962000   281.43          5.18324  1.0
    83     9     5  2.532E-05         158.19974000    15.34          5.27698  1.0
    84    95    91  4.692E-05         160.34299000   170.76          5.34847  1.0
    85    18    14  4.322E-06         160.54306000    31.29          5.35514  1.0
    86    28    24  3.954E-05         160.82788000    49.71          5.36464  1.0
    87    95    90  1.354E-05         163.11937890   170.76          5.44108  1.0
    88    56    52  3.005E-05         163.60553280   101.75          5.45729  1.0
    89    44    41  7.738E-06         165.12363480    80.64          5.50793  1.0
    90    14    10  3.122E-05         165.14465070    23.59          5.50863  1.0
    91    15    12  4.135E-05         165.22545110    27.08          5.51133  1.0
    92   159   158  5.452E-07         168.79006670   292.74          5.63023  1.0
    93    87    84  9.711E-06         170.75454830   157.88          5.69576  1.0
    94   146   141  1.109E-05         175.10132250   263.01          5.84075  1.0
    95    20    15  3.681E-05         175.27572120    35.50          5.84657  1.0
    96    16    11  3.225E-06         179.00610470    27.62          5.97100  1.0
    97   167   160  1.559E-05         180.04528150   302.35          6.00566  1.0
    98    56    51  2.992E-05         182.70589000   101.75          6.09441  1.0
    99   116   111  6.505E-05         184.96980000   207.76          6.16993  1.0
   100    40    36  9.729E-06         185.27860000    72.36          6.18023  1.0
   101    29    24  4.390E-05         188.65497320    51.04          6.29285  1.0
   102    79    75  1.268E-05         190.14865000   145.00          6.34268  1.0
   103     8     3  6.560E-05         192.65102000    12.58          6.42615  1.0
   104    24    19  7.063E-05         193.60949000    41.99          6.45812  1.0
   105   136   130  1.480E-05         195.08044000   245.52          6.50718  1.0
   106   142   137  9.077E-05         195.32070000   257.82          6.51520  1.0
   107   120   116  8.937E-05         197.14218000   217.22          6.57596  1.0
   108   167   159  9.873E-05         200.28742130   302.35          6.68087  1.0
   109    72    67  4.696E-05         200.80918000   130.66          6.69827  1.0
   110    38    34  8.805E-05         203.39155000    70.12          6.78441  1.0
   111    99    95  9.267E-05         204.24676080   180.56          6.81294  1.0
   112    37    32  1.114E-05         204.38430000    65.01          6.81753  1.0
   113    39    34  5.318E-05         205.30057000    70.21          6.84809  1.0
   114     9     4  6.718E-05         208.70033590    15.34          6.96149  1.0
   115    74    70  1.593E-05         209.93604450   133.04          7.00271  1.0
   116   192   188  1.156E-04         213.06842650   350.78          7.10720  1.0
   117    81    77  9.902E-05         214.68939410   147.83          7.16127  1.0
   118   126   122  1.894E-05         214.72828520   228.96          7.16256  1.0
   119   188   182  8.879E-07         215.09452110   340.55          7.17478  1.0
   120   137   131  9.271E-05         216.64330350   248.44          7.22644  1.0
   121   194   190  2.131E-05         219.27597820   352.76          7.31426  1.0
   122    34    28  1.138E-04         221.96521960    60.36          7.40396  1.0
   123    33    26  1.161E-05         223.88356920    58.58          7.46795  1.0
   124   116   108  3.941E-05         224.26481430   207.76          7.48067  1.0
   125    51    46  6.523E-05         225.15370360    92.98          7.51032  1.0
   126    65    61  1.068E-04         226.30002670   118.98          7.54856  1.0
   127    69    62  1.908E-05         229.34762990   122.01          7.65021  1.0
   128   117   112  2.349E-05         234.42158840   213.32          7.81946  1.0
   129    11     5  7.690E-05         235.15171960    19.03          7.84382  1.0
   130    72    66  7.504E-05         236.21668690   130.66          7.87934  1.0
   131    53    47  1.141E-04         237.06883300    93.96          7.90777  1.0
   132    90    85  1.458E-06         238.16631800   162.93          7.94437  1.0
   133   184   178  2.671E-05         238.99253440   332.51          7.97193  1.0
   134    73    67  1.398E-06         239.83275400   132.54          7.99996  1.0
   135    91    85  7.024E-05         240.94279180   163.07          8.03699  1.0
   136    14     7  8.456E-05         241.61579670    23.59          8.05944  1.0
   137   108   103  1.527E-06         242.99781460   196.99          8.10553  1.0
   138    30    23  1.027E-05         243.08764730    53.07          8.10853  1.0
   139    52    46  1.639E-04         244.25421830    93.90          8.14744  1.0
   140   192   187  4.205E-05         245.33923270   350.78          8.18364  1.0
